unset key
set xrange [-26.4575:26.4575]
set yrange [-26.4575:26.4575]
set size ratio -1
set parametric
set trange [0:7]
set isosamples 12
0.502569
-1.62737
-3.97004
1.12282
-3.80027
-0.0413383
-5.25336
-0.835869
-9.82949
0.546037
1.11043
-8.35513
5.64202
-3.75316
-1.31916
-6.48459
-5.15192
1.78215
-1.4635
0.242093
5.52816
4.74776
2.73938
5.17099
-2.31261
-3.49993
-3.55812
6.7276
0.827398
-1.73927
2.27961
-1.47151
1.81521
4.01716
2.59945
0.124767
-1.17254
-5.80255
-1.46278
-0.349563
-2.10117
0.585824
-2.98048
0.387611
0.376845
-3.1236
0.168696
2.98127
-2.23092
4.94129
1.14232
5.02049
3.31848
6.79868
-2.93813
-0.509053
-5.32967
0.226856
0.314763
0.573079
-2.41566
-4.36822
-4.5355
5.28448
-7.30731
-1.99732
2.92072
7.82597
-2.85375
-0.570018
3.51285
-5.6408
0.612719
1.3469
1.98982
2.15906
2.00486
-4.56945
-0.609435
-0.905087
4.51265
-4.26412
2.08255
1.68721
-1.37136
1.52145
-5.48447
6.08939
6.14228
-2.39206
-3.06196
-1.84895
-1.52737
1.83867
0.464214
-4.82784
2.9535
-1.88405
-1.59173
3.08839
2.12789
1.42138
3.73825
1.20951
1.85939
-2.87479
0.277207
4.0571
-1.46689
-1.05851
0.912827
2.14493
3.32586
3.11401
4.40796
-3.47859
2.90833
1.60909
1.6416
-6.91704
0.769054
-2.79942
-1.95985
3.73056
3.52495
-3.90575
-0.435511
1.59893
-8.74008
1.29997
1.5296
-7.55578
-1.17636
1.43692
-2.20946
2.02365
2.75505
-5.39214
-2.83863
-3.05354
5.39669
0.0161491
-1.12479
0.51397
-1.06662
0.125761
-6.48253
2.10517
3.28235
0.776469
-7.23002
0.947159
-1.4732
1.5578
-4.61205
-5.81965
2.00907
-0.861728
-3.82094
6.83399
3.24716
0.625371
1.83607
2.03231
4.18829
0.418188
1.56696
-3.80631
-2.07629
-1.6295
8.67183
-5.35493
6.56491
-4.18937
2.99735
0.655025
-1.71674
-3.08885
1.38182
-0.836235
-2.37537
-3.3397
-0.0165018
-5.32079
-1.30385
-6.80607
-3.94395
5.43972
-2.73011
-0.997512
2.00119
-1.76392
7.51726
0.764654
3.71116
-3.27392
0.0259152
-0.067793
2.67952
-3.17452
0.710277
3.48351
1.74619
3.37191
-0.468995
4.56352
0.962307
3.56229
6.37242
1.90867
3.67279
-2.77332
-0.188964
2.97277
4.73078
2.86891
-3.85121
0.336017
-7.14279
1.33504
3.5839
-8.25596
0.599138
0.0512778
0.110356
-1.22717
3.68951
2.63626
0.848775
-0.815168
-5.3335
1.1175
2.947
2.13368
1.37572
-2.55643
-0.454854
1.78823
-0.12927
-4.12931
1.29014
-2.7324
0.21868
-1.90857
-1.56242
-9.71904
1.54144
0.820696
-0.687311
-1.79554
0.569502
-0.409756
4.5048
-2.87804
-1.97098
8.79338
6.22991
-3.53483
-1.73483
1.71869
1.91585
-0.967962
4.26296
2.42131
2.2045
2.62108
-5.79176
6.5001
0.823
-1.11291
-0.978016
-1.57184
-5.57829
-0.986422
-6.25066
6.17106
-2.77193
5.89349
0.412193
-8.00598
6.41193
-3.07457
5.06947
1.46091
-1.89619
-6.21557
-3.21459
1.18648
0.700957
4.77873
-2.16487
4.46891
6.14808
9.50328
1.92082
-4.89954
-3.04252
4.27582
2.61704
-3.545
-2.45151
0.321796
-1.03442
-0.486982
1.70243
-4.72043
-2.79675
-8.80425
-4.04054
-2.43481
9.57022
2.24327
2.58568
-3.32653
0.0950049
-4.05897
-1.02409
3.59535
-5.04136
1.26261
-0.658747
2.37568
3.73081
1.9107
-7.44098
-1.48572
-0.269341
6.76762
-2.47429
-0.964938
-2.34192
-0.228792
3.32813
3.63109
-2.97577
-2.34581
2.69371
2.67155
-2.42794
-3.0018
1.50295
-9.67368
-0.851252
5.30238
4.81704
3.31371
-0.18741
5.66971
0.104606
1.2275
-0.990232
-0.612826
5.84499
1.17126
3.27706
6.24084
-4.1462
-0.00897259
0.44873
-2.90442
-5.98869
-2.35624
-2.90575
3.31061
0.762728
-6.41047
0.780704
1.09443
-9.6706
6.89621
-1.53033
-3.11769
2.69716
-5.53583
4.10214
-0.754514
3.64057
-1.31345
-1.29807
3.32819
-5.06409
-5.44781
2.61415
1.9303
-2.29312
-5.09076
-1.12317
-6.31275
-5.21174
-7.41801
-0.571958
-6.14144
0.105086
4.64041
-2.05683
-3.90509
2.98634
2.5477
-3.83112
-0.150119
2.5019
2.60461
4.36214
-6.65884
-0.784745
-3.06632
0.300415
-2.7288
-3.59004
4.04049
4.63522
-0.743668
2.24638
-0.172947
0.625097
5.3868
-3.06712
5.0749
4.41416
4.02589
1.84029
-0.922289
1.66389
5.67358
0.0672708
0.889261
0.303126
2.09311
-5.34098
4.02851
2.29265
-3.46207
5.6427
-0.482226
-0.0398664
0.564672
5.42361
2.51434
-4.24867
0.772424
12.3764
-1.70657
4.43607
0.125891
-0.460199
1.68815
-2.69571
3.53983
0.894668
-1.3337
-0.143719
0.810615
2.96855
-1.3487
2.98504
-1.58709
-4.77498
1.16573
-0.997355
4.48755
5.28732
3.31399
6.23447
-2.22852
1.93139
-0.112551
0.13187
1.59982
0.984008
-2.29783
-0.500729
3.46202
5.4969
1.2466
2.06071
-5.10152
2.15126
0.462032
5.79533
0.104957
1.90959
-6.39873
-4.14281
6.00094
0.0928349
-1.04288
-3.39192
-2.17352
-0.29092
4.25001
1.33474
-5.87712
1.13086
3.30528
1.00103
-2.17556
1.635
1.58764
0.541538
0.71679
1.34439
-4.93391
-0.41559
-1.17418
4.56589
4.35251
-1.03306
3.19315
2.9043
-3.15833
-1.12779
-0.237822
0.560632
0.966496
-2.74807
-1.25838
3.70482
-1.73285
1.39368
-0.48503
0.54291
1.76657
4.78572
0.618743
-1.83489
4.54798
0.7408
2.82323
1.04072
1.16526
2.45156
1.00669
1.68176
5.40929
-2.6499
1.48068
1.38903
2.21604
4.13623
2.58166
3.73862
-2.87588
1.88224
-2.82018
-5.60996
-0.329472
-1.87518
1.11039
-4.91115
-2.78683
4.78519
-2.5154
5.04767
0.914434
4.76681
-2.95555
-3.35083
-4.74403
-1.31021
-1.10816
-1.0111
4.27993
-0.168768
4.88293
2.08614
-7.97816
2.07088
-0.502065
2.78433
-1.64665
-0.0437316
-0.285006
-5.6218
-0.735797
1.10213
-0.452959
-1.42061
-2.02809
-4.02315
-1.47664
1.4441
-4.07331
-3.4888
-6.29693
-0.0717519
-2.71819
-6.04727
6.26117
1.91074
8.81553
-0.729192
5.2735
4.87936
1.65093
-3.23746
1.3681
-4.51497
2.93343
-4.44335
-2.95059
-0.0905694
-7.58176
-2.03027
4.49068
-4.62802
0.461178
0.758652
4.49007
-3.08843
2.23908
2.51444
-3.65586
2.43308
0.740876
0.0874759
2.55067
3.65605
2.11529
1.93205
-0.635348
2.41404
-8.30917
8.03381
-3.64209
1.72292
-1.01655
1.66005
0.595357
5.72281
2.38477
-3.27183
-1.00409
-7.62819
1.78477
0.0544617
-8.50129
3.04937
-2.20875
-6.95023
2.61774
-1.83278
-2.66936
0.076726
-6.34835
-2.85506
1.87253
0.385577
-3.26807
-1.23243
-0.11696
-0.694978
-5.42776
0.0311204
-1.76837
-3.19028
-2.74795
0.546269
-3.27213
-3.68162
-5.53978
5.99501
-0.464337
-0.263841
5.49507
0.634412
-4.17334
0.738908
1.89255
-7.09753
-0.343961
0.548898
-0.889813
1.68169
-0.521773
0.791432
0.609143
-0.889267
-3.9174
-5.68815
0.0320936
3.47223
-1.35143
3.32011
2.93877
-1.98808
7.03111
-1.04669
5.17986
5.33525
3.18043
-2.193
-1.38252
-0.96922
5.7447
-2.52517
-5.50613
2.66862
0.935293
-8.53689
4.89821
3.13901
-1.03362
-1.20457
4.83228
7.59227
-2.93115
3.80164
-1.24356
-1.91304
-1.02553
4.69583
-3.35647
1.78359
-2.64618
-7.11942
8.40168
-4.96537
3.98688
0.895661
-2.99627
-1.27519
-4.80502
3.12998
0.647515
-0.702611
-5.18208
-4.89225
3.70422
4.08657
-2.66269
-0.431794
-6.9595
5.208
1.6397
5.885
-1.05288
1.58445
4.17855
2.90265
-2.0092
-3.71734
3.40796
5.79903
-1.3989
1.22053
-2.81281
4.01198
-3.34055
-3.58712
-2.81576
-0.680966
-4.99914
-6.96572
4.33717
2.3208
-0.433279
3.99547
-4.58284
4.02901
-2.77915
-2.31601
0.658903
2.46575
-1.23433
1.21107
1.97601
2.23169
0.606145
3.81571
-1.56771
-2.76283
1.78821
-3.37757
0.0098566
-1.06739
3.90915
-0.683574
-5.50204
0.55812
-2.14503
2.16109
-4.90127
-0.693767
1.56187
-1.82696
-5.60835
0.971718
3.41845
3.70502
-5.44741
1.79562
-1.97213
8.12255
-1.44613
-0.66093
0.807669
6.53417
-0.805632
0.545294
2.21743
3.69502
3.49515
3.3977
5.34275
2.35933
3.95529
-6.8902
0.192728
-2.94079
3.71102
